multijet_basis0_zhUp   1+( 0.030392)*np.array([ 1.0000,  1.0000,  1.0000,  1.0000,  1.0000,  1.0000,  1.0000,  1.0000,  1.0000,  1.0000,  1.0000,  1.0000,  1.0000,  1.0000,  1.0000,  1.0000,  1.0000,  1.0000,  1.0000,  1.0000])
multijet_basis0_zhDown 1+(-0.030392)*np.array([ 1.0000,  1.0000,  1.0000,  1.0000,  1.0000,  1.0000,  1.0000,  1.0000,  1.0000,  1.0000,  1.0000,  1.0000,  1.0000,  1.0000,  1.0000,  1.0000,  1.0000,  1.0000,  1.0000,  1.0000])
multijet_basis1_zhUp   1+( 0.080985)*np.array([ 0.4127,  0.4004,  0.3760,  0.3403,  0.2941,  0.2384,  0.1747,  0.1046,  0.0298, -0.0480, -0.1267, -0.2044, -0.2793, -0.3494, -0.4131, -0.4687, -0.5150, -0.5507, -0.5750, -0.5873])
multijet_basis1_zhDown 1+(-0.080985)*np.array([ 0.4127,  0.4004,  0.3760,  0.3403,  0.2941,  0.2384,  0.1747,  0.1046,  0.0298, -0.0480, -0.1267, -0.2044, -0.2793, -0.3494, -0.4131, -0.4687, -0.5150, -0.5507, -0.5750, -0.5873])
multijet_basis2_zhUp   1+( 0.081523)*np.array([-0.4799, -0.3388, -0.2062, -0.0855,  0.0204,  0.1089,  0.1779,  0.2255,  0.2507,  0.2528,  0.2317,  0.1881,  0.1229,  0.0377, -0.0652, -0.1835, -0.3142, -0.4540, -0.5995, -0.7472])
multijet_basis2_zhDown 1+(-0.081523)*np.array([-0.4799, -0.3388, -0.2062, -0.0855,  0.0204,  0.1089,  0.1779,  0.2255,  0.2507,  0.2528,  0.2317,  0.1881,  0.1229,  0.0377, -0.0652, -0.1835, -0.3142, -0.4540, -0.5995, -0.7472])
multijet_basis3_zhUp   1+( 0.043157)*np.array([-0.6555, -0.1949,  0.1014,  0.2477,  0.2702,  0.2037,  0.0867, -0.0429, -0.1517, -0.2156, -0.2214, -0.1691, -0.0714,  0.0477,  0.1553,  0.2136,  0.1842,  0.0326, -0.2673, -0.7298])
multijet_basis3_zhDown 1+(-0.043157)*np.array([-0.6555, -0.1949,  0.1014,  0.2477,  0.2702,  0.2037,  0.0867, -0.0429, -0.1517, -0.2156, -0.2214, -0.1691, -0.0714,  0.0477,  0.1553,  0.2136,  0.1842,  0.0326, -0.2673, -0.7298])
multijet_basis4_zhUp   1+( 0.061285)*np.array([-0.0944, -0.0996, -0.0690, -0.0178,  0.0387,  0.0865,  0.1149,  0.1174,  0.0926,  0.0442, -0.0192, -0.0852, -0.1388, -0.1644, -0.1471, -0.0749,  0.0600,  0.2601,  0.5219,  0.8356])
multijet_basis4_zhDown 1+(-0.061285)*np.array([-0.0944, -0.0996, -0.0690, -0.0178,  0.0387,  0.0865,  0.1149,  0.1174,  0.0926,  0.0442, -0.0192, -0.0852, -0.1388, -0.1644, -0.1471, -0.0749,  0.0600,  0.2601,  0.5219,  0.8356])
multijet_spurious_signal_zhUp   2.046227
multijet_spurious_signal_zhDown -0.684048
