multijet_basis0_hhUp   1+( 0.033353)*np.array([ 1.0000,  1.0000,  1.0000,  1.0000,  1.0000,  1.0000,  1.0000,  1.0000,  1.0000,  1.0000,  1.0000,  1.0000,  1.0000,  1.0000,  1.0000,  1.0000,  1.0000,  1.0000,  1.0000,  1.0000])
multijet_basis0_hhDown 1+(-0.033353)*np.array([ 1.0000,  1.0000,  1.0000,  1.0000,  1.0000,  1.0000,  1.0000,  1.0000,  1.0000,  1.0000,  1.0000,  1.0000,  1.0000,  1.0000,  1.0000,  1.0000,  1.0000,  1.0000,  1.0000,  1.0000])
multijet_basis1_hhUp   1+( 0.073493)*np.array([ 0.4075,  0.3952,  0.3709,  0.3351,  0.2889,  0.2332,  0.1695,  0.0994,  0.0246, -0.0532, -0.1319, -0.2096, -0.2844, -0.3546, -0.4182, -0.4739, -0.5202, -0.5559, -0.5802, -0.5925])
multijet_basis1_hhDown 1+(-0.073493)*np.array([ 0.4075,  0.3952,  0.3709,  0.3351,  0.2889,  0.2332,  0.1695,  0.0994,  0.0246, -0.0532, -0.1319, -0.2096, -0.2844, -0.3546, -0.4182, -0.4739, -0.5202, -0.5559, -0.5802, -0.5925])
multijet_basis2_hhUp   1+( 0.057477)*np.array([-0.4972, -0.3534, -0.2180, -0.0943,  0.0147,  0.1062,  0.1781,  0.2286,  0.2564,  0.2608,  0.2418,  0.1997,  0.1357,  0.0513, -0.0514, -0.1699, -0.3013, -0.4423, -0.5895, -0.7392])
multijet_basis2_hhDown 1+(-0.057477)*np.array([-0.4972, -0.3534, -0.2180, -0.0943,  0.0147,  0.1062,  0.1781,  0.2286,  0.2564,  0.2608,  0.2418,  0.1997,  0.1357,  0.0513, -0.0514, -0.1699, -0.3013, -0.4423, -0.5895, -0.7392])
multijet_basis3_hhUp   1+( 0.016951)*np.array([-0.7250, -0.2503,  0.0579,  0.2142,  0.2448,  0.1849,  0.0732, -0.0517, -0.1566, -0.2167, -0.2191, -0.1636, -0.0633,  0.0574,  0.1653,  0.2219,  0.1884,  0.0300, -0.2797, -0.7552])
multijet_basis3_hhDown 1+(-0.016951)*np.array([-0.7250, -0.2503,  0.0579,  0.2142,  0.2448,  0.1849,  0.0732, -0.0517, -0.1566, -0.2167, -0.2191, -0.1636, -0.0633,  0.0574,  0.1653,  0.2219,  0.1884,  0.0300, -0.2797, -0.7552])
multijet_basis4_hhUp   1+( 0.035695)*np.array([-0.1551, -0.1311, -0.0776, -0.0103,  0.0554,  0.1064,  0.1330,  0.1301,  0.0979,  0.0417, -0.0286, -0.0995, -0.1557, -0.1813, -0.1621, -0.0870,  0.0507,  0.2518,  0.5115,  0.8187])
multijet_basis4_hhDown 1+(-0.035695)*np.array([-0.1551, -0.1311, -0.0776, -0.0103,  0.0554,  0.1064,  0.1330,  0.1301,  0.0979,  0.0417, -0.0286, -0.0995, -0.1557, -0.1813, -0.1621, -0.0870,  0.0507,  0.2518,  0.5115,  0.8187])
multijet_spurious_signal_hhUp   0.589018
multijet_spurious_signal_hhDown -3.348437
