multijet_basis0_zzUp   1+( 0.040410)*np.array([ 1.0000,  1.0000,  1.0000,  1.0000,  1.0000,  1.0000,  1.0000,  1.0000,  1.0000,  1.0000,  1.0000,  1.0000,  1.0000,  1.0000,  1.0000,  1.0000,  1.0000,  1.0000,  1.0000,  1.0000])
multijet_basis0_zzDown 1+(-0.040410)*np.array([ 1.0000,  1.0000,  1.0000,  1.0000,  1.0000,  1.0000,  1.0000,  1.0000,  1.0000,  1.0000,  1.0000,  1.0000,  1.0000,  1.0000,  1.0000,  1.0000,  1.0000,  1.0000,  1.0000,  1.0000])
multijet_basis1_zzUp   1+( 0.068653)*np.array([ 0.4048,  0.3925,  0.3682,  0.3325,  0.2862,  0.2305,  0.1669,  0.0968,  0.0219, -0.0558, -0.1345, -0.2123, -0.2871, -0.3572, -0.4209, -0.4766, -0.5228, -0.5585, -0.5829, -0.5952])
multijet_basis1_zzDown 1+(-0.068653)*np.array([ 0.4048,  0.3925,  0.3682,  0.3325,  0.2862,  0.2305,  0.1669,  0.0968,  0.0219, -0.0558, -0.1345, -0.2123, -0.2871, -0.3572, -0.4209, -0.4766, -0.5228, -0.5585, -0.5829, -0.5952])
multijet_basis2_zzUp   1+( 0.052729)*np.array([-0.4742, -0.3345, -0.2034, -0.0842,  0.0201,  0.1070,  0.1743,  0.2205,  0.2443,  0.2452,  0.2231,  0.1786,  0.1128,  0.0273, -0.0758, -0.1940, -0.3242, -0.4635, -0.6082, -0.7548])
multijet_basis2_zzDown 1+(-0.052729)*np.array([-0.4742, -0.3345, -0.2034, -0.0842,  0.0201,  0.1070,  0.1743,  0.2205,  0.2443,  0.2452,  0.2231,  0.1786,  0.1128,  0.0273, -0.0758, -0.1940, -0.3242, -0.4635, -0.6082, -0.7548])
multijet_basis3_zzUp   1+( 0.040528)*np.array([-0.6634, -0.2046,  0.0914,  0.2387,  0.2634,  0.1995,  0.0854, -0.0415, -0.1484, -0.2111, -0.2169, -0.1655, -0.0696,  0.0470,  0.1519,  0.2075,  0.1761,  0.0235, -0.2760, -0.7366])
multijet_basis3_zzDown 1+(-0.040528)*np.array([-0.6634, -0.2046,  0.0914,  0.2387,  0.2634,  0.1995,  0.0854, -0.0415, -0.1484, -0.2111, -0.2169, -0.1655, -0.0696,  0.0470,  0.1519,  0.2075,  0.1761,  0.0235, -0.2760, -0.7366])
multijet_basis4_zzUp   1+( 0.036150)*np.array([-0.0700, -0.0867, -0.0658, -0.0221,  0.0294,  0.0746,  0.1027,  0.1068,  0.0850,  0.0405, -0.0188, -0.0810, -0.1315, -0.1549, -0.1364, -0.0640,  0.0705,  0.2699,  0.5311,  0.8451])
multijet_basis4_zzDown 1+(-0.036150)*np.array([-0.0700, -0.0867, -0.0658, -0.0221,  0.0294,  0.0746,  0.1027,  0.1068,  0.0850,  0.0405, -0.0188, -0.0810, -0.1315, -0.1549, -0.1364, -0.0640,  0.0705,  0.2699,  0.5311,  0.8451])
multijet_spurious_signal_zzUp   1.394488
multijet_spurious_signal_zzDown -1.891173
